439490
701930
623080
745880
552280
519860
449840
639270
571880
431730
603960
469790
305760
600370
337340
428080
344770
559210
552080
426690
497780
385250
635940
511470
411960
344480
664180
316720
512490
32150
324160
303310
716650
236930
712730
398000
438320
470780
615610
723090
516480
522040
303590
318130
406550
715010
407310
624460
339350
564050
251290
512180
421660
722730
586880
333260
382000
544180
558990
557600
452570
373390
676820
333640
473920
639780
227000
251370
529150
355980
411970
377860
255340
377660
314180
412670
407900
597230
377670
452440
658620
449830
454380
530350
760890
402620
396650
253230
571310
625980
616250
342560
483980
448850
578620
235980
573170
587470
420530
351700
351920
542770
530390
530120
665270
283960
435400
449960
417290
251490
368340
597170
284770
744190
457210
733990
460120
745850
272670
585180
400910
618720
732430
506870
397740
384690
400630
541570
399600
491040
464450
301300
353090
496350
588040
472870
538070
396350
503400
608110
691450
268990
617440
446840
597220
516600
359140
538680
427700
412830
410980
311190
347600
674520
568770
304410
529520
463530
593280
430960
543260
499440
464360
667970
375480
630060
441050
758500
698260
544970
453000
405830
504210
373770
559610
545980
471570
450540
532110
502800
460850
410890
546080
562500
458710
451760
380810
35140
588730
8800
372940
557630
368390
315810
370020
658560
476240
279800
415170
375130
681330
435970
294530
421260
250050
744810
440880
337720
485040
639790
310360
324680
290380
595430
477740
260750
488310
606480
461840
497460
684270
348430
80360
561080
273570
262850
418520
436670
368570
640380
434410
448370
468050
370280
353330
650570
405820
713260
593200
410830
384630
555950
634160
284810
425580
662210
272040
367580
647960
645820
588690
433000
458760
230270
413420
575050
406870
520010
255390
428100
353540
629440
283940
381890
354400
408410
357330
617480
452510
758530
494310
298030
292800
466300
357600
307580
345610
224820
308600
349680
440540
680360
317320
453340
383270
311800
251830
284790
394970
353270
415000
466810
285440
388450
462990
571530
712840
429360
444770
467380
370150
542260
667600
265610
294660
637880
284390
335000
327140
595140
370540
302750
642090
359390
505700
272600
555880
540840
40990
589770
347620
655480
337930
537110
284050
577700
578900
450220
550590
542200
374410
512790
653950
504390
380670
41060
418190
602520
408650
322210
545590
415610
207530
399640
689900
250110
284850
397350
364230
569860
320760
771840
592270
511680
265890
517910
437520
280220
421630
501300
370910
570840
644560
364390
253840
350910
505060
678520
641960
416680
568020
578930
437020
578210
521200
292600
359400
493900
411830
286500
322770
607460
273390
656550
744520
228360
337350
623940
335620
95700
512060
585890
333820
570980
437160
349100
589780
527190
346560
467210
477130
466110
216090
377450
436820
398850
3320
408520
491420
3390
314230
274350
410820
340520
574310
413410
297590
421120
415920
397430
402530
722060
351090
361040
583470
418650
643880
497800
80350
612470
511350
397270
449450
470470
642560
687980
489610
61730
218410
283980
573770
296490
403830
362680
409870
545690
494150
393520
618510
488550
566160
433920
202690
313400
687590
464620
576770
502230
7020
757350
765640
753140
635320
652150
354310
347590
318310
497640
372260
568320
503460
463270
514310
676420
562220
391000
666140
316610
363950
605990
462620
280560
629650
441770
689580
447530
577480
552590
324140
562480
435490
434370
672730
605830
696460
435120
251270
650700
553760
274520
405290
107600
336440
689710
410320
337670
216260
560000
523780
563430
467780
506510
548340
349250
348440
239090
564330
390720
286260
639130
259680
301840
6010
3620
470440
670160
387340
589200
522490
381020
368680
618950
557410
364930
359840
515570
396900
520440
744800
508980
271900
286320
7200
311240
628290
253750
335090
328730
460430
447210
633370
400580
415420
666020
598070
370360
482390
269170
366970
214730
515020
562410
531730
532320
532190
483420
468240
235320
2390
211740
465520
268130
303430
489380
714280
402330
382260
544510
652950
348620
349760
3310
311930
480450
390610
584930
435030
447240
250500
747340
433950
367570
770990
285740
254460
567370
616090
518580
390890
339130
442210
645690
339440
292780
631900
332200
207320
587260
377080
293780
50000
555220
323380
481510
248310
253110
512220
420840
210950
416790
336610
564230
13250
595280
650780
567670
352520
406150
436220
583760
603530
375530
342300
322110
589590
227080
3470
629690
268400
616000
209370
459090
390730
317040
274500
476410
211180
546390
332540
711990
525640
375750
299800
262770
691770
438130
409920
559010
41050
25990
499890
461620
350070
13240
503340
461700
394130
718090
465650
734910
657930
392970
401910
628800
388210
577970
241320
629520
385690
18040
420980
323490
249680
322190
326150
705120
389650
252130
566050
376300
460160
494230
239800
457320
368160
301920
29130
485780
636480
294810
520850
337290
298400
639650
369830
418040
509250
237760
207400
242820
80340
543930
519080
269770
312540
233610
404480
328080
444940
601120
597700
270210
467820
529780
259740
389510
356400
422110
439940
9040
363420
385330
368650
311870
595730
564160
288160
407330
428550
473460
345820
416770
422970
699600
657240
251430
441280
567030
746920
340280
283920
586350
428750
745760
252610
704840
642770
328760
659540
240970
395170
403950
350740
471810
545030
444140
610360
504770
33120
446330
315840
288120
676430
234270
454530
302610
378610
671700
638000
512900
360740
525480
587620
22120
351480
606710
495110
298180
570000
362620
92200
635850
611780
429940
438270
368890
460340
302790
279940
512150
94620
757330
422900
597150
643870
604450
463930
357300
646570
560720
687260
33680
316600
602120
578850
612370
355420
584980
368950
252110
457960
487430
454160
348710
512740
377690
207350
259810
420110
582560
428340
586240
495280
490950
405950
290260
603260
449250
369420
396640
416360
512230
19830
323220
300570
563180
616720
94300
323630
291860
645090
260190
342610
674800
259060
344860
533300
403780
525690
420100
603880
392020
637850
464400
389170
299660
656090
259530
231180
517130
611980
269050
673300
248330
529440
264380
368610
286240
379980
342580
496190
404790
686200
341550
458470
62100
739260
327560
25830
716710
208400
655010
200960
587430
401810
601530
245450
2200
636450
546090
471710
429660
326480
227260
355050
494720
420520
689070
282010
495890
508990
369530
419460
493540
15320
294680
6040
334140
453170
635260
566860
329130
523000
407940
9180
474210
562230
292500
712380
78000
32670
268320
393220
366000
466430
305380
616110
633360
246420
301650
552440
434490
725980
298360
681390
471920
259550
204530
661430
349220
367670
13230
454320
451980
703840
493200
322290
238530
574140
50620
494100
330390
45400
293900
212050
411370
488280
409660
575550
275390
392030
15710
400160
236450
351710
2270
386900
587100
723500
579760
347610
209950
492340
3720
353280
294550
266010
670090
529100
750450
672000
402430
602430
385100
453090
484870
493080
590280
469990
230860
